Modelo;Conjunto;Métrica;cantopop;dance;dancehall;edm;electro;forro;gospel;happy;hard-rock;hardstyle;Média;Média Ponderada
RandomForest;Treino;Precisão;1,000;0,846;0,980;0,751;0,847;0,998;0,998;0,957;1,000;0,966;0,934;0,934
RandomForest;Treino;Recall;1,000;0,824;0,958;0,804;0,829;0,998;0,998;0,966;1,000;0,956;0,933;0,933
RandomForest;Treino;F1-Score;1,000;0,835;0,968;0,777;0,838;0,998;0,998;0,961;1,000;0,961;0,933;0,933
RandomForest;Treino;Suporte;800;800;800;800;800;800;800;800;800;800;8000;8000
RandomForest;Treino;Acurácia;-;-;-;-;-;-;-;-;-;-;0,933;-
LogisticRegression;Treino;Precisão;0,604;0,371;0,577;0,332;0,239;0,600;0,564;0,532;0,523;0,472;0,481;0,481
LogisticRegression;Treino;Recall;0,642;0,460;0,616;0,269;0,099;0,703;0,564;0,541;0,594;0,510;0,500;0,500
LogisticRegression;Treino;F1-Score;0,623;0,410;0,596;0,297;0,140;0,647;0,564;0,537;0,556;0,490;0,486;0,486
LogisticRegression;Treino;Suporte;800;800;800;800;800;800;800;800;800;800;8000;8000
LogisticRegression;Treino;Acurácia;-;-;-;-;-;-;-;-;-;-;0,500;-
XGBClassifier;Treino;Precisão;0,999;0,876;0,972;0,720;0,865;0,997;0,996;0,962;1,000;0,960;0,935;0,935
XGBClassifier;Treino;Recall;1,000;0,789;0,965;0,846;0,806;0,996;0,998;0,960;0,999;0,963;0,932;0,932
XGBClassifier;Treino;F1-Score;0,999;0,830;0,969;0,778;0,834;0,997;0,997;0,961;0,999;0,961;0,933;0,933
XGBClassifier;Treino;Suporte;800;800;800;800;800;800;800;800;800;800;8000;8000
XGBClassifier;Treino;Acurácia;-;-;-;-;-;-;-;-;-;-;0,932;-
LGBMClassifier;Treino;Precisão;1,000;0,845;0,972;0,726;0,875;0,995;0,996;0,960;1,000;0,960;0,933;0,933
LGBMClassifier;Treino;Recall;0,998;0,820;0,964;0,826;0,787;0,999;0,996;0,960;0,999;0,960;0,931;0,931
LGBMClassifier;Treino;F1-Score;0,999;0,832;0,968;0,773;0,829;0,997;0,996;0,960;0,999;0,960;0,931;0,931
LGBMClassifier;Treino;Suporte;800;800;800;800;800;800;800;800;800;800;8000;8000
LGBMClassifier;Treino;Acurácia;-;-;-;-;-;-;-;-;-;-;0,931;-
GradientBoosting;Treino;Precisão;0,877;0,642;0,811;0,584;0,704;0,857;0,855;0,875;0,873;0,855;0,793;0,793
GradientBoosting;Treino;Recall;0,845;0,703;0,825;0,657;0,540;0,939;0,880;0,859;0,818;0,845;0,791;0,791
GradientBoosting;Treino;F1-Score;0,861;0,671;0,818;0,618;0,611;0,896;0,868;0,867;0,844;0,850;0,790;0,790
GradientBoosting;Treino;Suporte;800;800;800;800;800;800;800;800;800;800;8000;8000
GradientBoosting;Treino;Acurácia;-;-;-;-;-;-;-;-;-;-;0,791;-
AdaBoost;Treino;Precisão;0,683;0,382;0,593;0,253;0,390;0,777;0,642;0,563;0,440;0,550;0,527;0,527
AdaBoost;Treino;Recall;0,542;0,366;0,605;0,521;0,224;0,657;0,569;0,725;0,499;0,240;0,495;0,495
AdaBoost;Treino;F1-Score;0,605;0,374;0,599;0,340;0,284;0,712;0,603;0,634;0,468;0,334;0,495;0,495
AdaBoost;Treino;Suporte;800;800;800;800;800;800;800;800;800;800;8000;8000
AdaBoost;Treino;Acurácia;-;-;-;-;-;-;-;-;-;-;0,495;-
KNeighbors;Treino;Precisão;0,747;0,610;0,762;0,535;0,661;0,764;0,751;0,785;0,811;0,733;0,716;0,716
KNeighbors;Treino;Recall;0,781;0,688;0,736;0,615;0,492;0,897;0,781;0,754;0,627;0,746;0,712;0,712
KNeighbors;Treino;F1-Score;0,764;0,646;0,749;0,572;0,564;0,825;0,766;0,769;0,708;0,740;0,710;0,710
KNeighbors;Treino;Suporte;800;800;800;800;800;800;800;800;800;800;8000;8000
KNeighbors;Treino;Acurácia;-;-;-;-;-;-;-;-;-;-;0,712;-
DecisionTree;Treino;Precisão;1,000;0,760;1,000;0,747;0,991;0,995;1,000;0,928;1,000;1,000;0,942;0,942
DecisionTree;Treino;Recall;1,000;0,956;0,938;0,819;0,701;1,000;0,995;1,000;1,000;0,922;0,933;0,933
DecisionTree;Treino;F1-Score;1,000;0,847;0,968;0,781;0,821;0,998;0,997;0,963;1,000;0,960;0,933;0,933
DecisionTree;Treino;Suporte;800;800;800;800;800;800;800;800;800;800;8000;8000
DecisionTree;Treino;Acurácia;-;-;-;-;-;-;-;-;-;-;0,933;-
SVC;Treino;Precisão;0,701;0,450;0,700;0,426;0,545;0,724;0,706;0,715;0,696;0,593;0,626;0,626
SVC;Treino;Recall;0,720;0,650;0,649;0,456;0,294;0,841;0,665;0,599;0,652;0,660;0,619;0,619
SVC;Treino;F1-Score;0,710;0,532;0,674;0,441;0,382;0,778;0,685;0,652;0,674;0,625;0,615;0,615
SVC;Treino;Suporte;800;800;800;800;800;800;800;800;800;800;8000;8000
SVC;Treino;Acurácia;-;-;-;-;-;-;-;-;-;-;0,619;-
NaiveBayes;Treino;Precisão;0,619;0,336;0,597;0,387;0,497;0,663;0,707;0,670;0,594;0,467;0,554;0,554
NaiveBayes;Treino;Recall;0,715;0,529;0,559;0,369;0,212;0,889;0,729;0,454;0,370;0,599;0,542;0,542
NaiveBayes;Treino;F1-Score;0,664;0,411;0,577;0,378;0,298;0,760;0,718;0,541;0,456;0,525;0,533;0,533
NaiveBayes;Treino;Suporte;800;800;800;800;800;800;800;800;800;800;8000;8000
NaiveBayes;Treino;Acurácia;-;-;-;-;-;-;-;-;-;-;0,542;-
